4
108
144
167
190
224
225
248
289
401
415
443
456
491
499
538
550
646
688
714
774
847
866
919
925
961
964
975
1005
1036
1055
1074
1109
1170
1177
1186
1191
1223
1231
1270
1293
1335
1391
1427
1430
1492
1562
1595
1659
1713
1714
1764
1765
1785
1792
1810
1811
1851
1932
1976
2039
2063
2082
2101
2134
2163
2175
2188
2207
2245
2282
2283
2356
2380
2389
2412
2464
2470
2477
2480
2559
2577
2600
2609
2671
2684
2708
2732
2758
2773
2800
2842
2869
2875
2919
2937
2996
3025
3031
3124
3168
3184
3223
3228
3256
3273
3279
3302
3345
3346
3375
3413
3447
3484
3501
3525
3629
3642
3674
3676
3800
3840
3875
3899
3949
3992
4016
4038
