38
40
54
69
76
81
92
105
121
132
134
137
149
152
193
230
236
243
254
259
282
293
295
308
314
317
337
346
383
395
405
413
416
426
446
449
464
466
496
504
514
552
599
601
613
645
664
699
703
722
750
767
783
804
810
841
851
854
875
899
914
918
919
950
960
984
1010
1017
1023
1027
1041
1044
1049
1056
1107
1117
1120
1137
1145
1173
1174
1176
1178
1184
1201
1219
1314
1344
1356
1357
1364
1383
1407
1450
1466
1481
1498
1505
1508
1511
1520
1532
1554
1557
1622
1634
1638
1651
1659
1679
1698
1707
1708
1732
1738
1748
1752
1757
1760
1798
1801
1803
1836
1839
1843
1844
1849
1866
1880
1889
1893
1906
1928
1949
1963
1974
1995
2011
2013
2036
2064
2122
2125
2138
2153
2189
2212
2216
2219
2251
2257
2261
2263
2278
2294
2332
2334
2362
2373
2442
2454
2466
2489
2511
2521
2522
2525
2533
2558
2567
2584
2588
2595
2604
2608
2621
2624
2635
2647
2650
2660
2666
2675
2701
2703
2712
2715
2726
2775
2790
2804
2815
2822
2856
2881
2903
2928
2946
2947
2948
2991
3033
3062
3070
3086
3092
3127
3139
3143
3172
3177
3194
3214
3229
3247
3252
3273
3325
3374
3413
3416
3433
3446
3447
3449
3474
3578
3579
3608
3640
3667
3677
3701
3736
3758
3820
3870
3889
3895
3900
3908
3945
3953
3978
3988
3998
4021
4022
4023
4044
4050
4056
4077
4081
4089
4095
